lidarPos ; odometryPos ; filteredPos ; opponentPos ; opponentFilteredPos
1.762447 0.303789 3.580823 ; 1.762447 0.303789 3.580823 ; 1.762447 0.303789 3.580823 ; 0.000000 0.000000 ; 0.000000 0.000000 
1.762447 0.303789 3.580823 ; 1.762447 0.303789 3.580823 ; 1.762447 0.303789 3.580823 ; 0.000000 0.000000 ; -0.961538 -0.961538 
1.768274 0.294029 3.709573 ; 1.763904 0.301349 3.709573 ; 1.762447 0.303789 3.580823 ; 0.000000 0.000000 ; -0.908430 -0.908430 
1.768274 0.294029 3.709573 ; 1.764131 0.300969 3.709573 ; 1.762750 0.303282 3.587963 ; 0.000000 0.000000 ; -0.844869 -0.844869 
1.771369 0.287542 3.545809 ; 1.762478 0.300986 6.957106 ; 1.763075 0.302736 3.596050 ; 1.729225 1.550547 ; -0.775131 -0.775131 
1.771369 0.287542 3.545809 ; 1.760456 0.302060 12.389801 ; 1.763216 0.301619 5.283769 ; 1.729225 1.550547 ; 1.729225 1.550547 
1.771369 0.287542 3.545809 ; 1.757224 0.301552 18.632547 ; 1.762744 0.300871 8.048201 ; 1.735816 1.550439 ; 1.729225 1.550547 
1.771369 0.287542 3.545809 ; 1.754484 0.300331 25.236729 ; 1.762067 0.300705 11.133718 ; 1.735816 1.550439 ; 1.729939 1.550535 
1.771369 0.287542 3.545809 ; 1.751987 0.301330 32.107601 ; 1.759585 0.300639 15.684178 ; 1.641994 1.541576 ; 1.730608 1.550524 
1.771369 0.287542 3.545809 ; 1.748939 0.300603 39.043415 ; 1.757252 0.300385 20.648714 ; 1.641994 1.541576 ; 1.720153 1.549468 
1.771369 0.287542 3.545809 ; 1.745470 0.300102 45.745174 ; 1.755210 0.301224 25.899128 ; 1.846850 1.541574 ; 1.710676 1.548512 
1.771369 0.287542 3.545809 ; 1.741636 0.300035 52.805664 ; 1.752499 0.301285 31.238043 ; 1.846850 1.541574 ; 1.727530 1.547653 
1.771369 0.287542 3.545809 ; 1.738059 0.299415 60.013115 ; 1.749524 0.301661 36.973312 ; 0.954894 0.253897 ; 1.742528 1.546889 
1.771369 0.287542 3.545809 ; 1.736987 0.299058 67.133911 ; 1.746477 0.302339 42.977566 ; 0.954894 0.253897 ; 1.642366 1.382461 
1.771369 0.287542 3.545809 ; 1.735552 0.299089 74.102074 ; 1.743706 0.302752 49.094234 ; 0.312511 1.672495 ; 1.554172 1.237680 
1.771369 0.287542 3.545809 ; 1.733941 0.298605 80.650917 ; 1.742183 0.302528 55.257996 ; 0.312511 1.672495 ; 1.393825 1.293831 
1.771369 0.287542 3.545809 ; 1.731759 0.297245 86.759567 ; 1.740701 0.302583 61.270729 ; 0.950457 0.242482 ; 1.253489 1.342975 
1.771369 0.287542 3.545809 ; 1.729029 0.295984 92.609032 ; 1.738934 0.302428 67.116653 ; 0.950457 0.242482 ; 1.214013 1.199613 
1.771369 0.287542 3.545809 ; 1.726609 0.295526 98.426903 ; 1.736584 0.302239 72.850555 ; 0.955460 0.344016 ; 1.179582 1.074574 
1.771369 0.287542 3.545809 ; 1.724644 0.294857 103.741516 ; 1.734233 0.302391 78.568542 ; 0.955460 0.344016 ; 1.150241 0.978931 
1.771369 0.287542 3.545809 ; 1.723285 0.294549 108.860497 ; 1.732460 0.302505 84.028824 ; 0.951642 0.343007 ; 1.124699 0.895676 
1.771369 0.287542 3.545809 ; 1.722833 0.295062 114.126465 ; 1.730787 0.302385 89.364120 ; 0.951642 0.343007 ; 1.101979 0.823118 
1.771369 0.287542 3.545809 ; 1.721567 0.295261 119.003693 ; 1.729560 0.302110 94.764015 ; 1.351172 2.651765 ; 1.082224 0.760028 
1.771369 0.287542 3.545809 ; 1.720831 0.295569 123.570274 ; 1.728800 0.301471 99.921211 ; 1.351172 2.651765 ; 1.117590 1.008786 
1.771369 0.287542 3.545809 ; 1.720388 0.295641 127.920677 ; 1.727942 0.301338 104.865738 ; 0.958891 0.184007 ; 1.148321 1.224945 
1.771369 0.287542 3.545809 ; 1.719633 0.295915 132.074036 ; 1.727198 0.300949 109.640564 ; 0.958891 0.184007 ; 1.123389 1.087940 
1.771369 0.287542 3.545809 ; 1.718181 0.295734 135.992371 ; 1.726331 0.300514 114.168159 ; 0.958630 0.178861 ; 1.101732 0.968932 
1.771369 0.287542 3.545809 ; 1.717149 0.295787 139.382751 ; 1.725541 0.300202 118.593933 ; 0.961352 0.160613 ; 1.082887 0.864892 
1.771369 0.287542 3.545809 ; 1.716395 0.295082 142.781769 ; 1.724690 0.300331 122.653160 ; 0.961352 0.160613 ; 1.066880 0.772133 
1.771369 0.287542 3.545809 ; 1.715336 0.294774 145.758118 ; 1.723906 0.300102 126.642090 ; 0.957543 0.198778 ; 1.052980 0.691582 
1.771369 0.287542 3.545809 ; 1.714836 0.294525 148.683685 ; 1.722729 0.299929 130.314667 ; 0.957543 0.198778 ; 1.040407 0.626662 
1.771369 0.287542 3.545809 ; 1.713589 0.294289 151.555115 ; 1.721920 0.299758 133.874435 ; 0.961096 0.179191 ; 1.029490 0.570290 
1.771369 0.287542 3.545809 ; 1.712623 0.294323 153.802231 ; 1.720931 0.299334 137.330017 ; 0.961096 0.179191 ; 1.020479 0.518762 
1.771369 0.287542 3.545809 ; 1.713004 0.294522 156.106064 ; 1.720223 0.299227 140.318665 ; 0.964056 0.156240 ; 1.012655 0.474020 
1.771369 0.287542 3.545809 ; 1.713045 0.293834 158.197266 ; 1.719663 0.298936 143.278534 ; 0.964056 0.156240 ; 1.006251 0.432149 
1.771369 0.287542 3.545809 ; 1.712268 0.293922 160.224915 ; 1.718743 0.298095 146.032410 ; 0.968289 0.131871 ; 1.000691 0.395794 
1.771369 0.287542 3.545809 ; 1.711490 0.293927 161.892639 ; 1.717704 0.297826 148.667908 ; 1.066753 2.577689 ; 0.996422 0.361017 
1.771369 0.287542 3.545809 ; 1.711700 0.293964 163.670990 ; 1.717258 0.297510 151.024307 ; 1.066753 2.577689 ; 1.005689 0.653106 
1.771369 0.287542 3.545809 ; 1.711456 0.293388 165.457031 ; 1.716885 0.297260 153.364883 ; 0.982914 2.554027 ; 1.013736 0.906709 
1.771369 0.287542 3.545809 ; 1.710665 0.293225 167.219406 ; 1.716116 0.296704 155.643967 ; 0.982914 2.554027 ; 1.009674 1.123779 
1.771369 0.287542 3.545809 ; 1.710033 0.292918 168.757065 ; 1.715405 0.296572 157.850616 ; 0.982914 2.554027 ; 1.006148 1.312246 
1.771369 0.287542 3.545809 ; 1.709846 0.293009 169.864609 ; 1.715049 0.296346 159.871872 ; 0.970040 2.548419 ; 1.003086 1.475879 
1.771369 0.287542 3.545809 ; 1.709944 0.293204 170.765533 ; 1.714623 0.296183 161.580353 ; 0.970040 2.548419 ; 0.998732 1.617211 
1.771369 0.287542 3.545809 ; 1.709626 0.293389 171.794891 ; 1.714133 0.295796 163.095398 ; 0.531009 0.138068 ; 0.994951 1.739919 
1.771369 0.287542 3.545809 ; 1.709070 0.293462 172.858627 ; 1.713547 0.295384 164.614014 ; 0.531009 0.138068 ; 0.933816 1.528838 
1.771369 0.287542 3.545809 ; 1.708294 0.293691 173.870239 ; 1.713158 0.295099 166.095016 ; 0.906470 2.514354 ; 0.880736 1.345570 
1.771369 0.287542 3.545809 ; 1.708080 0.293814 174.857285 ; 1.712817 0.294959 167.495621 ; 0.906470 2.514354 ; 0.884127 1.499586 
1.717067 0.293867 172.415634 ; 1.713731 0.294565 172.415634 ; 1.712618 0.294798 168.835663 ; 1.851433 1.563584 ; 0.887071 1.633306 
1.725354 0.277732 173.679413 ; 1.714107 0.294477 172.415634 ; 1.713121 0.294680 169.648712 ; 1.829286 1.566256 ; 1.014150 1.624119 
1.725354 0.277732 173.679413 ; 1.716874 0.289509 173.679413 ; 1.714048 0.293435 170.327942 ; 1.829286 1.566256 ; 1.121564 1.616494 
1.708802 0.292533 175.025665 ; 1.717577 0.288392 173.679413 ; 1.714985 0.291945 170.929794 ; 1.837375 1.556075 ; 1.214823 1.609874 
1.708802 0.292533 175.025665 ; 1.713251 0.291888 175.025665 ; 1.714734 0.291673 171.595840 ; 1.837375 1.556075 ; 1.296860 1.602784 
1.722837 0.288822 175.864395 ; 1.716322 0.290882 175.864395 ; 1.714151 0.291569 172.287476 ; 1.828250 1.557286 ; 1.368086 1.596629 
1.722531 0.276689 176.631210 ; 1.716912 0.290622 175.864395 ; 1.714937 0.291222 172.973999 ; 1.816675 1.551003 ; 1.428724 1.591445 
1.722531 0.276689 176.631210 ; 1.717443 0.286764 176.631210 ; 1.715747 0.290122 173.615387 ; 1.816675 1.551003 ; 1.479846 1.586116 
1.718500 0.278715 178.319366 ; 1.718031 0.285904 176.631210 ; 1.716531 0.288975 174.196716 ; 1.820708 1.552796 ; 1.524231 1.581489 
1.720857 0.286604 178.202011 ; 1.717354 0.285719 178.319366 ; 1.716972 0.288054 174.800262 ; 1.803846 1.550357 ; 1.563299 1.577708 
1.720857 0.286604 178.202011 ; 1.718381 0.287485 178.202011 ; 1.717556 0.287779 175.397491 ; 1.803846 1.550357 ; 1.594997 1.574104 
1.720995 0.275280 178.949142 ; 1.718824 0.287305 178.202011 ; 1.718146 0.287539 175.908096 ; 1.802315 1.545927 ; 1.622518 1.570974 
1.720995 0.275280 178.949142 ; 1.719227 0.283669 178.949142 ; 1.718638 0.286466 176.397781 ; 1.802315 1.545927 ; 1.646211 1.567674 
1.719034 0.284050 179.544388 ; 1.719503 0.282790 178.949142 ; 1.719006 0.285294 176.819321 ; 1.807467 1.550384 ; 1.666781 1.564808 
1.725749 0.268451 179.964890 ; 1.719116 0.284679 179.544388 ; 1.719144 0.284889 177.206940 ; 1.793050 1.551130 ; 1.685320 1.562907 
1.725749 0.268451 179.964890 ; 1.721224 0.279733 179.964890 ; 1.719715 0.283494 177.599289 ; 1.793050 1.551130 ; 1.699516 1.561355 
1.714369 0.283475 180.209976 ; 1.721759 0.278621 179.964890 ; 1.720429 0.282011 177.983643 ; 1.786790 1.542208 ; 1.711841 1.560008 
1.714369 0.283475 180.209976 ; 1.718791 0.282198 180.209976 ; 1.720265 0.281772 178.346558 ; 1.786790 1.542208 ; 1.721718 1.557662 
1.722457 0.271001 180.805908 ; 1.720527 0.279041 180.805908 ; 1.719884 0.281720 178.657791 ; 1.790028 1.537083 ; 1.730293 1.555626 
1.720558 0.277531 181.117401 ; 1.720814 0.278236 180.805908 ; 1.720266 0.280648 178.997208 ; 1.780655 1.543057 ; 1.738164 1.553182 
1.720558 0.277531 181.117401 ; 1.720426 0.279523 181.117401 ; 1.720382 0.280187 179.275818 ; 1.780655 1.543057 ; 1.743763 1.551848 
1.713526 0.278331 181.050415 ; 1.721131 0.275940 181.117401 ; 1.721322 0.275410 179.917725 ; 1.792715 1.538063 ; 1.748625 1.550690 
1.716517 0.293406 181.666138 ; 1.719469 0.270713 181.050415 ; 1.721450 0.268173 180.291885 ; 1.770823 1.529233 ; 1.754435 1.549026 
1.716517 0.293406 181.666138 ; 1.718780 0.296819 181.305527 ; 1.721254 0.260039 180.554825 ; 1.770823 1.529233 ; 1.756594 1.546418 
1.719494 0.305416 182.233063 ; 1.718316 0.324314 181.608765 ; 1.721179 0.252809 180.791245 ; 1.777380 1.491696 ; 1.758469 1.544153 
