lidarPos ; odometryPos ; filteredPos ; opponentPos ; opponentFilteredPos ; measuredOmega ; filteredOmega
0.000000 0.000000 0.000000 ; 0.000000 0.000000 0.000000 ; 0.000000 0.000000 0.000000 ; 0.000000 0.000000 ; 0.000000 0.000000 ; 0.000000 ; 0.000000 
0.000000 0.000000 0.000000 ; 0.000000 0.000000 0.000000 ; 0.000000 0.000000 0.000000 ; 0.000000 0.000000 ; 0.000000 0.000000 ; 0.000000 ; 0.000000 
0.000000 0.000000 0.000000 ; 0.000000 0.000000 0.000000 ; 0.000000 0.000000 0.000000 ; 0.000000 0.000000 ; 0.000000 0.000000 ; 0.000000 ; 0.000000 
0.000000 0.000000 0.000000 ; 0.000000 0.000000 0.000000 ; 0.000000 0.000000 0.000000 ; 0.000000 0.000000 ; 0.000000 0.000000 ; 0.000000 ; 0.000000 
0.000000 0.000000 0.000000 ; 0.000000 0.000000 0.000000 ; 0.000000 0.000000 0.000000 ; 0.000000 0.000000 ; 0.000000 0.000000 ; 0.000000 ; 0.000000 
0.000000 0.000000 0.000000 ; 0.000000 0.000000 0.000000 ; 0.000000 0.000000 0.000000 ; 0.000000 0.000000 ; 0.000000 0.000000 ; 0.000000 ; 0.000000 
0.000000 0.000000 0.000000 ; 0.000000 0.000000 0.000000 ; 0.000000 0.000000 0.000000 ; 0.000000 0.000000 ; 0.000000 0.000000 ; 0.000000 ; 0.000000 
0.000000 0.000000 0.000000 ; 0.000000 0.000000 0.000000 ; 0.000000 0.000000 0.000000 ; 0.000000 0.000000 ; 0.000000 0.000000 ; 0.000000 ; 0.000000 
0.000000 0.000000 0.000000 ; 0.000000 0.000000 0.000000 ; 0.000000 0.000000 0.000000 ; 0.000000 0.000000 ; 0.000000 0.000000 ; 0.000000 ; 0.000000 
0.000000 0.000000 0.000000 ; 0.000000 0.000000 0.000000 ; 0.000000 0.000000 0.000000 ; 0.000000 0.000000 ; 0.000000 0.000000 ; 0.000000 ; 0.000000 
0.000000 0.000000 0.000000 ; 0.000000 0.000000 0.000000 ; 0.000000 0.000000 0.000000 ; 0.000000 0.000000 ; 0.000000 0.000000 ; 0.000000 ; 0.000000 
0.000000 0.000000 0.000000 ; 0.000000 0.000000 0.000000 ; 0.000000 0.000000 0.000000 ; 0.000000 0.000000 ; 0.000000 0.000000 ; 0.000000 ; 0.000000 
0.000000 0.000000 0.000000 ; 0.000000 0.000000 0.000000 ; 0.000000 0.000000 0.000000 ; 0.000000 0.000000 ; 0.000000 0.000000 ; 0.000000 ; 0.000000 
0.000000 0.000000 0.000000 ; 0.000000 0.000000 0.000000 ; 0.000000 0.000000 0.000000 ; 0.000000 0.000000 ; 0.000000 0.000000 ; 0.000000 ; 0.000000 
0.000000 0.000000 0.000000 ; 0.000000 0.000000 0.000000 ; 0.000000 0.000000 0.000000 ; 0.000000 0.000000 ; 0.000000 0.000000 ; 0.000000 ; 0.000000 
0.000000 0.000000 0.000000 ; 0.000000 0.000000 0.000000 ; 0.000000 0.000000 0.000000 ; 0.000000 0.000000 ; 0.000000 0.000000 ; 0.000000 ; 0.000000 
0.000000 0.000000 0.000000 ; 0.000000 0.000000 0.000000 ; 0.000000 0.000000 0.000000 ; 0.000000 0.000000 ; 0.000000 0.000000 ; 0.000000 ; 0.000000 
0.000000 0.000000 0.000000 ; 0.000000 0.000000 0.000000 ; 0.000000 0.000000 0.000000 ; 0.000000 0.000000 ; 0.000000 0.000000 ; 0.000000 ; 0.000000 
0.000000 0.000000 0.000000 ; 0.000000 0.000000 0.000000 ; 0.000000 0.000000 0.000000 ; 0.000000 0.000000 ; 0.000000 0.000000 ; 0.000000 ; 0.000000 
0.000000 0.000000 0.000000 ; 0.000000 0.000000 0.000000 ; 0.000000 0.000000 0.000000 ; 0.000000 0.000000 ; 0.000000 0.000000 ; 0.000000 ; 0.000000 
0.000000 0.000000 0.000000 ; 0.000000 0.000000 0.000000 ; 0.000000 0.000000 0.000000 ; 0.000000 0.000000 ; 0.000000 0.000000 ; 0.000000 ; 0.000000 
0.000000 0.000000 0.000000 ; 0.000000 0.000000 0.000000 ; 0.000000 0.000000 0.000000 ; 0.000000 0.000000 ; 0.000000 0.000000 ; 0.000000 ; 0.000000 
0.000000 0.000000 0.000000 ; 0.000000 0.000000 0.000000 ; 0.000000 0.000000 0.000000 ; 0.000000 0.000000 ; 0.000000 0.000000 ; 0.000000 ; 0.000000 
0.000000 0.000000 0.000000 ; 0.000000 0.000000 0.000000 ; 0.000000 0.000000 0.000000 ; 0.000000 0.000000 ; 0.000000 0.000000 ; 0.000000 ; 0.000000 
0.000000 0.000000 0.000000 ; 0.000000 0.000000 0.000000 ; 0.000000 0.000000 0.000000 ; 0.000000 0.000000 ; 0.000000 0.000000 ; 0.000000 ; 0.000000 
0.000000 0.000000 0.000000 ; 0.000000 0.000000 0.000000 ; 0.000000 0.000000 0.000000 ; 0.000000 0.000000 ; 0.000000 0.000000 ; 0.000000 ; 0.000000 
0.000000 0.000000 0.000000 ; 0.000000 0.000000 0.000000 ; 0.000000 0.000000 0.000000 ; 0.000000 0.000000 ; 0.000000 0.000000 ; 0.000000 ; 0.000000 
0.000000 0.000000 0.000000 ; 0.000000 0.000000 0.000000 ; 0.000000 0.000000 0.000000 ; 0.000000 0.000000 ; 0.000000 0.000000 ; 0.000000 ; 0.000000 
0.000000 0.000000 0.000000 ; 0.000000 0.000000 0.000000 ; 0.000000 0.000000 0.000000 ; 0.000000 0.000000 ; 0.000000 0.000000 ; 0.000000 ; 0.000000 
0.000000 0.000000 0.000000 ; 0.000000 0.000000 0.000000 ; 0.000000 0.000000 0.000000 ; 0.000000 0.000000 ; 0.000000 0.000000 ; 0.000000 ; 0.000000 
0.000000 0.000000 0.000000 ; 0.000000 0.000000 0.000000 ; 0.000000 0.000000 0.000000 ; 0.000000 0.000000 ; 0.000000 0.000000 ; 0.000000 ; 0.000000 
0.000000 0.000000 0.000000 ; 0.000000 0.000000 0.000000 ; 0.000000 0.000000 0.000000 ; 0.000000 0.000000 ; 0.000000 0.000000 ; 0.000000 ; 0.000000 
0.000000 0.000000 0.000000 ; 0.000000 0.000000 0.000000 ; 0.000000 0.000000 0.000000 ; 0.000000 0.000000 ; 0.000000 0.000000 ; 0.000000 ; 0.000000 
0.000000 0.000000 0.000000 ; 0.000000 0.000000 0.000000 ; 0.000000 0.000000 0.000000 ; 0.000000 0.000000 ; 0.000000 0.000000 ; 0.000000 ; 0.000000 
0.000000 0.000000 0.000000 ; 0.000000 0.000000 0.000000 ; 0.000000 0.000000 0.000000 ; 0.000000 0.000000 ; 0.000000 0.000000 ; 0.000000 ; 0.000000 
0.000000 0.000000 0.000000 ; 0.000000 0.000000 0.000000 ; 0.000000 0.000000 0.000000 ; 0.000000 0.000000 ; 0.000000 0.000000 ; 0.000000 ; 0.000000 
0.000000 0.000000 0.000000 ; 0.000000 0.000000 0.000000 ; 0.000000 0.000000 0.000000 ; 0.000000 0.000000 ; 0.000000 0.000000 ; 0.000000 ; 0.000000 
0.000000 0.000000 0.000000 ; 0.000000 0.000000 0.000000 ; 0.000000 0.000000 0.000000 ; 0.000000 0.000000 ; 0.000000 0.000000 ; 0.000000 ; 0.000000 
0.000000 0.000000 0.000000 ; 0.000000 0.000000 0.000000 ; 0.000000 0.000000 0.000000 ; 0.000000 0.000000 ; 0.000000 0.000000 ; 0.000000 ; 0.000000 
0.000000 0.000000 0.000000 ; 0.000000 0.000000 0.000000 ; 0.000000 0.000000 0.000000 ; 0.000000 0.000000 ; 0.000000 0.000000 ; 0.000000 ; 0.000000 
0.000000 0.000000 0.000000 ; 0.000000 0.000000 0.000000 ; 0.000000 0.000000 0.000000 ; 0.000000 0.000000 ; 0.000000 0.000000 ; 0.000000 ; 0.000000 
0.000000 0.000000 0.000000 ; 0.000000 0.000000 0.000000 ; 0.000000 0.000000 0.000000 ; 0.000000 0.000000 ; 0.000000 0.000000 ; 0.000000 ; 0.000000 
0.000000 0.000000 0.000000 ; 0.000000 0.000000 0.000000 ; 0.000000 0.000000 0.000000 ; 0.000000 0.000000 ; 0.000000 0.000000 ; 0.000000 ; 0.000000 
0.000000 0.000000 0.000000 ; 0.000000 0.000000 0.000000 ; 0.000000 0.000000 0.000000 ; 0.000000 0.000000 ; 0.000000 0.000000 ; 0.000000 ; 0.000000 
0.000000 0.000000 0.000000 ; 0.000000 0.000000 0.000000 ; 0.000000 0.000000 0.000000 ; 0.000000 0.000000 ; 0.000000 0.000000 ; 0.000000 ; 0.000000 
0.000000 0.000000 0.000000 ; 0.000000 0.000000 0.000000 ; 0.000000 0.000000 0.000000 ; 0.000000 0.000000 ; 0.000000 0.000000 ; 0.000000 ; 0.000000 
0.000000 0.000000 0.000000 ; 0.000000 0.000000 0.000000 ; 0.000000 0.000000 0.000000 ; 0.000000 0.000000 ; 0.000000 0.000000 ; 0.000000 ; 0.000000 
0.000000 0.000000 0.000000 ; 0.000000 0.000000 0.000000 ; 0.000000 0.000000 0.000000 ; 0.000000 0.000000 ; 0.000000 0.000000 ; 0.000000 ; 0.000000 
0.000000 0.000000 0.000000 ; 0.000000 0.000000 0.000000 ; 0.000000 0.000000 0.000000 ; 0.000000 0.000000 ; 0.000000 0.000000 ; 0.000000 ; 0.000000 
0.000000 0.000000 0.000000 ; 0.000000 0.000000 0.000000 ; 0.000000 0.000000 0.000000 ; 0.000000 0.000000 ; 0.000000 0.000000 ; 0.000000 ; 0.000000 
0.000000 0.000000 0.000000 ; 0.000000 0.000000 0.000000 ; 0.000000 0.000000 0.000000 ; 0.000000 0.000000 ; 0.000000 0.000000 ; 0.000000 ; 0.000000 
0.000000 0.000000 0.000000 ; 0.000000 0.000000 0.000000 ; 0.000000 0.000000 0.000000 ; 0.000000 0.000000 ; 0.000000 0.000000 ; 0.000000 ; 0.000000 
0.000000 0.000000 0.000000 ; 0.000000 0.000000 0.000000 ; 0.000000 0.000000 0.000000 ; 0.000000 0.000000 ; 0.000000 0.000000 ; 0.000000 ; 0.000000 
1.031003 0.212688 359.046234 ; 0.600396 0.123857 359.046234 ; 0.456860 0.094247 359.925720 ; 0.000000 0.000000 ; 0.000000 0.000000 ; 0.000000 ; 0.000000 
1.031003 0.212688 359.046234 ; 1.031003 0.212688 359.046234 ; 1.031003 0.212688 359.046234 ; 0.000000 0.000000 ; -0.868226 -0.868226 ; 0.000000 ; 0.000000 
